95
4 0 
1 7 
8 6 
1 7 
1 32 
4 0 
8 6 
2 5 
1 32 
4 0 
3 0 
4 0 
2 5 
3 0 
2 4 
3 0 
3 0 
2 4 
4 0 
8 6 
3 0 
1 3 
7 8 
7 65 
8 19 
2 5 
6 10 
2 4 
2 99 
7 65 
1 7 
8 6 
5 3 
7 65 
5 3 
6 10 
8 19 
9 82 
7 8 
9 82 
1 32 
2 4 
2 99 
2 5 
2 4 
8 19 
5 3 
8 6 
2 5 
5 3 
2 4 
6 10 
8 19 
1 7 
2 5 
7 65 
8 6 
1 32 
6 10 
1 7 
5 30 
5 3 
4 81 
2 99 
8 21 
1 3 
5 3 
5 27 
4 81 
4 81 
0 15 
1 7 
5 27 
2 99 
7 65 
8 21 
2 99 
8 19 
0 15 
9 82 
1 32 
5 17 
1 26 
8 6 
0 89 
5 27 
9 62 
0 89 
8 26 
7 44 
9 62 
1 26 
8 26 
4 81 
9 62 
