4646
0 0 0 7
0 8 0 17
0 18 0 25
0 33 0 43
0 45 0 55
0 56 0 66
0 67 0 76
0 77 0 86
0 87 0 96
0 97 0 107
0 108 0 116
0 117 0 126
0 127 0 135
0 136 0 143
0 144 0 151
0 153 0 163
0 164 0 171
0 172 0 181
0 186 0 196
0 197 0 205
0 206 0 215
0 218 0 228
0 229 0 236
0 237 0 246
1 0 1 9
1 11 1 21
1 22 1 29
1 30 1 37
1 38 1 45
1 46 1 54
1 55 1 62
1 66 1 76
1 78 1 88
1 89 1 98
1 99 1 107
1 108 1 115
1 116 1 125
1 129 1 139
1 140 1 147
1 148 1 157
1 158 1 165
1 166 1 176
1 177 1 184
1 199 1 209
1 211 1 221
1 222 1 230
1 231 1 240
2 5 2 15
2 16 2 23
2 24 2 31
2 32 2 42
2 43 2 50
2 51 2 60
2 61 2 71
2 72 2 80
2 81 2 88
2 89 2 96
2 97 2 104
2 105 2 112
2 114 2 124
2 125 2 132
2 133 2 142
2 143 2 152
2 153 2 162
2 163 2 170
2 171 2 181
2 182 2 192
2 195 2 205
2 206 2 215
2 216 2 224
2 225 2 233
2 234 2 241
2 242 2 249
3 0 3 8
3 9 3 18
3 19 3 28
3 29 3 37
3 41 3 51
3 52 3 60
3 61 3 68
3 71 3 81
3 82 3 89
3 92 3 102
3 104 3 114
3 115 3 122
3 123 3 133
3 134 3 141
3 142 3 150
3 151 3 160
3 170 3 180
3 181 3 191
3 194 3 204
3 205 3 215
3 216 3 224
3 225 3 235
4 0 4 8
4 9 4 16
4 17 4 25
4 31 4 41
4 43 4 53
4 54 4 63
4 64 4 71
4 72 4 81
4 85 4 95
4 99 4 109
4 110 4 117
4 121 4 131
4 132 4 140
4 141 4 151
4 152 4 162
4 170 4 180
4 181 4 191
4 192 4 199
4 200 4 209
4 210 4 218
4 219 4 228
4 229 4 238
4 239 4 248
5 0 5 9
5 11 5 21
5 22 5 32
5 33 5 41
5 50 5 60
5 61 5 70
5 71 5 79
5 80 5 90
5 91 5 98
5 99 5 106
5 107 5 117
5 121 5 131
5 132 5 140
5 141 5 148
5 149 5 159
5 160 5 170
5 171 5 179
5 180 5 190
5 191 5 199
5 200 5 207
5 208 5 216
5 217 5 227
5 228 5 236
5 237 5 244
6 0 6 8
6 11 6 21
6 22 6 31
6 32 6 40
6 46 6 56
6 62 6 72
6 73 6 82
6 83 6 91
6 92 6 99
6 106 6 116
6 117 6 124
6 125 6 133
6 142 6 152
6 153 6 160
6 161 6 169
6 170 6 177
6 178 6 187
6 188 6 196
6 197 6 205
6 206 6 214
6 227 6 237
6 238 6 245
7 0 7 8
7 9 7 18
7 19 7 28
7 29 7 37
7 38 7 46
7 47 7 55
7 56 7 64
7 71 7 81
7 83 7 93
7 94 7 104
7 105 7 115
7 116 7 125
7 126 7 133
7 134 7 143
7 144 7 151
7 152 7 159
7 160 7 167
7 168 7 176
7 177 7 184
7 185 7 195
7 196 7 206
7 207 7 214
7 215 7 223
7 224 7 232
7 233 7 241
7 242 7 249
8 0 8 7
8 8 8 16
8 17 8 24
8 25 8 35
8 36 8 46
8 47 8 55
8 56 8 64
8 65 8 72
8 75 8 85
8 86 8 94
8 95 8 103
8 104 8 114
8 115 8 122
8 123 8 132
8 133 8 142
8 143 8 152
8 153 8 161
8 162 8 170
8 171 8 180
8 181 8 189
8 190 8 199
8 200 8 208
8 209 8 219
8 231 8 241
9 2 9 12
9 13 9 20
9 21 9 28
9 29 9 36
9 38 9 48
9 49 9 57
9 63 9 73
9 74 9 81
9 82 9 92
9 101 9 111
9 112 9 119
9 120 9 130
9 131 9 141
9 145 9 155
9 156 9 166
9 172 9 182
9 184 9 194
9 195 9 203
9 204 9 213
9 214 9 224
9 227 9 237
10 0 10 7
10 8 10 15
10 16 10 23
10 24 10 32
10 34 10 44
10 45 10 52
10 53 10 62
10 63 10 71
10 72 10 82
10 83 10 90
10 91 10 98
10 99 10 107
10 111 10 121
10 122 10 132
10 133 10 140
10 141 10 151
10 152 10 161
10 162 10 169
10 172 10 182
10 183 10 190
10 191 10 201
10 202 10 211
10 212 10 220
10 221 10 229
10 230 10 239
10 240 10 247
11 0 11 9
11 10 11 17
11 18 11 25
11 26 11 34
11 35 11 42
11 45 11 55
11 56 11 64
11 66 11 76
11 77 11 86
11 87 11 97
11 98 11 108
11 109 11 119
11 120 11 130
11 131 11 141
11 142 11 151
11 158 11 168
11 169 11 179
11 181 11 191
11 192 11 199
11 200 11 208
11 214 11 224
11 225 11 234
11 237 11 247
12 0 12 7
12 8 12 15
12 16 12 23
12 24 12 34
12 45 12 55
12 58 12 68
12 69 12 79
12 84 12 94
12 95 12 104
12 105 12 112
12 113 12 121
12 123 12 133
12 134 12 141
12 142 12 150
12 151 12 159
12 160 12 170
12 171 12 178
12 179 12 186
12 187 12 195
12 196 12 204
12 205 12 214
12 215 12 223
12 224 12 232
12 233 12 241
13 0 13 7
13 13 13 23
13 24 13 31
13 32 13 40
13 41 13 48
13 49 13 57
13 58 13 65
13 66 13 73
13 74 13 84
13 85 13 95
13 96 13 103
13 104 13 112
13 113 13 120
13 121 13 128
13 129 13 137
13 147 13 157
13 158 13 166
13 171 13 181
13 182 13 189
13 190 13 197
13 198 13 205
13 206 13 213
13 214 13 223
13 225 13 235
13 237 13 247
14 0 14 9
14 10 14 20
14 21 14 30
14 31 14 38
14 39 14 46
14 47 14 54
14 56 14 66
14 67 14 75
14 77 14 87
14 88 14 95
14 101 14 111
14 112 14 119
14 120 14 127
14 128 14 135
14 143 14 153
14 163 14 173
14 174 14 182
14 183 14 191
14 198 14 208
14 218 14 228
14 229 14 236
14 237 14 245
15 0 15 8
15 9 15 17
15 19 15 29
15 30 15 38
15 41 15 51
15 52 15 62
15 63 15 72
15 73 15 83
15 84 15 91
15 92 15 102
15 103 15 110
15 111 15 120
15 121 15 130
15 132 15 142
15 143 15 151
15 156 15 166
15 167 15 177
15 178 15 186
15 187 15 197
15 199 15 209
15 210 15 217
15 218 15 225
15 226 15 234
15 238 15 248
16 0 16 9
16 10 16 20
16 21 16 30
16 31 16 39
16 40 16 48
16 49 16 57
16 58 16 66
16 67 16 74
16 75 16 84
16 85 16 94
16 95 16 104
16 105 16 113
16 114 16 122
16 123 16 130
16 133 16 143
16 144 16 152
16 153 16 160
16 161 16 168
16 169 16 177
16 180 16 190
16 191 16 198
16 199 16 208
16 209 16 217
16 231 16 241
17 0 17 8
17 9 17 16
17 17 17 24
17 25 17 32
17 36 17 46
17 47 17 54
17 56 17 66
17 67 17 75
17 76 17 83
17 87 17 97
17 98 17 107
17 116 17 126
17 127 17 135
17 136 17 143
17 145 17 155
17 156 17 163
17 164 17 171
17 172 17 180
17 181 17 188
17 189 17 196
17 200 17 210
17 214 17 224
17 229 17 239
18 0 18 8
18 9 18 17
18 18 18 25
18 26 18 34
18 35 18 42
18 43 18 51
18 52 18 59
18 60 18 67
18 72 18 82
18 83 18 91
18 92 18 101
18 102 18 110
18 111 18 119
18 122 18 132
18 133 18 142
18 143 18 152
18 160 18 170
18 171 18 178
18 179 18 189
18 190 18 198
18 199 18 208
18 209 18 219
18 220 18 227
18 228 18 235
18 236 18 244
19 1 19 11
19 13 19 23
19 24 19 31
19 32 19 40
19 42 19 52
19 53 19 60
19 61 19 70
19 71 19 78
19 79 19 87
19 88 19 95
19 99 19 109
19 114 19 124
19 125 19 135
19 136 19 143
19 144 19 152
19 153 19 161
19 162 19 172
19 173 19 182
19 183 19 190
19 191 19 198
19 199 19 207
19 208 19 217
19 223 19 233
19 236 19 246
20 0 20 9
20 10 20 17
20 18 20 25
20 26 20 36
20 39 20 49
20 50 20 59
20 62 20 72
20 73 20 82
20 83 20 90
20 92 20 102
20 103 20 111
20 124 20 134
20 136 20 146
20 151 20 161
20 162 20 170
20 171 20 178
20 179 20 186
20 187 20 196
20 197 20 206
20 207 20 216
20 217 20 224
20 225 20 232
20 233 20 241
21 0 21 8
21 9 21 19
21 20 21 27
21 28 21 36
21 37 21 45
21 46 21 55
21 56 21 64
21 65 21 73
21 74 21 82
21 83 21 91
21 92 21 99
21 103 21 113
21 114 21 123
21 124 21 131
21 132 21 139
21 140 21 148
21 149 21 159
21 160 21 168
21 169 21 176
21 177 21 186
21 189 21 199
21 200 21 208
21 209 21 219
21 220 21 227
21 228 21 236
22 0 22 8
22 9 22 18
22 19 22 27
22 28 22 35
22 36 22 43
22 44 22 51
22 52 22 59
22 60 22 69
22 70 22 77
22 78 22 88
22 89 22 97
22 98 22 106
22 107 22 117
22 118 22 127
22 128 22 135
22 136 22 143
22 144 22 151
22 152 22 160
22 161 22 168
22 170 22 180
22 181 22 191
22 195 22 205
22 206 22 215
22 216 22 223
22 224 22 231
22 232 22 239
22 240 22 248
23 0 23 8
23 9 23 18
23 19 23 26
23 27 23 34
23 36 23 46
23 47 23 57
23 58 23 65
23 66 23 73
23 74 23 81
23 82 23 89
23 91 23 101
23 102 23 110
23 123 23 133
23 134 23 142
23 143 23 151
23 152 23 160
23 161 23 168
23 169 23 178
23 179 23 187
23 188 23 195
23 196 23 203
23 204 23 211
23 212 23 220
23 221 23 230
23 234 23 244
24 0 24 8
24 13 24 23
24 24 24 33
24 34 24 43
24 44 24 52
24 53 24 62
24 63 24 70
24 71 24 78
24 79 24 86
24 87 24 94
24 95 24 103
24 111 24 121
24 122 24 132
24 133 24 143
24 144 24 152
24 153 24 162
24 163 24 171
24 173 24 183
24 184 24 191
24 192 24 199
24 200 24 210
24 211 24 218
24 219 24 227
24 228 24 236
24 237 24 246
25 0 25 7
25 8 25 16
25 17 25 24
25 25 25 32
25 33 25 42
25 43 25 50
25 51 25 58
25 61 25 71
25 72 25 82
25 83 25 93
25 94 25 102
25 103 25 110
25 111 25 118
25 119 25 129
25 130 25 140
25 141 25 148
25 157 25 167
25 168 25 175
25 176 25 185
25 194 25 204
25 205 25 212
25 218 25 228
25 234 25 244
26 0 26 7
26 8 26 15
26 16 26 25
26 26 26 34
26 35 26 43
26 44 26 52
26 53 26 62
26 63 26 70
26 71 26 79
26 80 26 88
26 89 26 97
26 98 26 107
26 113 26 123
26 124 26 134
26 136 26 146
26 147 26 156
26 157 26 165
26 166 26 174
26 175 26 182
26 183 26 193
26 197 26 207
26 211 26 221
26 222 26 229
26 230 26 237
27 0 27 9
27 11 27 21
27 22 27 29
27 34 27 44
27 45 27 54
27 56 27 66
27 75 27 85
27 86 27 96
27 102 27 112
27 113 27 120
27 121 27 130
27 131 27 138
27 139 27 148
27 149 27 159
27 160 27 169
27 175 27 185
27 186 27 194
27 195 27 204
27 205 27 212
27 213 27 223
27 224 27 234
28 0 28 7
28 8 28 15
28 17 28 27
28 28 28 35
28 36 28 45
28 46 28 53
28 54 28 62
28 63 28 72
28 73 28 80
28 88 28 98
28 99 28 107
28 108 28 115
28 135 28 145
28 149 28 159
28 160 28 168
28 169 28 176
28 177 28 184
28 185 28 193
28 194 28 202
28 203 28 213
28 224 28 234
28 235 28 245
29 0 29 9
29 10 29 20
29 21 29 28
29 30 29 40
29 41 29 48
29 54 29 64
29 67 29 77
29 78 29 87
29 88 29 96
29 97 29 104
29 105 29 113
29 114 29 122
29 123 29 133
29 134 29 143
29 144 29 151
29 153 29 163
29 164 29 174
29 183 29 193
29 194 29 201
29 202 29 209
29 210 29 220
29 221 29 228
29 229 29 238
29 239 29 247
30 0 30 7
30 8 30 15
30 27 30 37
30 38 30 48
30 52 30 62
30 63 30 70
30 71 30 80
30 81 30 88
30 89 30 96
30 97 30 105
30 106 30 115
30 116 30 123
30 125 30 135
30 137 30 147
30 148 30 156
30 157 30 166
30 167 30 175
30 176 30 184
30 185 30 193
30 194 30 201
30 202 30 209
30 210 30 219
30 220 30 229
30 230 30 240
30 241 30 249
31 0 31 7
31 8 31 15
31 31 31 41
31 50 31 60
31 61 31 71
31 72 31 81
31 83 31 93
31 94 31 104
31 106 31 116
31 120 31 130
31 131 31 138
31 139 31 149
31 153 31 163
31 164 31 171
31 172 31 179
31 185 31 195
31 200 31 210
31 211 31 219
31 220 31 228
31 229 31 238
31 239 31 249
32 0 32 7
32 8 32 18
32 19 32 28
32 29 32 37
32 38 32 46
32 47 32 55
32 56 32 63
32 64 32 72
32 74 32 84
32 85 32 92
32 93 32 100
32 101 32 108
32 119 32 129
32 130 32 137
32 138 32 146
32 147 32 155
32 156 32 166
32 167 32 175
32 176 32 185
32 191 32 201
32 202 32 211
32 212 32 220
32 221 32 231
32 232 32 240
33 0 33 8
33 9 33 17
33 18 33 25
33 35 33 45
33 46 33 53
33 54 33 61
33 62 33 72
33 73 33 80
33 83 33 93
33 94 33 103
33 104 33 114
33 117 33 127
33 130 33 140
33 141 33 150
33 151 33 158
33 160 33 170
33 171 33 178
33 179 33 186
33 209 33 219
33 220 33 230
33 231 33 238
34 21 34 31
34 35 34 45
34 46 34 53
34 54 34 63
34 68 34 78
34 79 34 88
34 105 34 115
34 116 34 123
34 124 34 132
34 133 34 142
34 145 34 155
34 157 34 167
34 168 34 176
34 177 34 184
34 185 34 195
34 196 34 204
34 205 34 213
34 217 34 227
34 229 34 239
34 240 34 249
35 0 35 10
35 11 35 21
35 22 35 30
35 32 35 42
35 43 35 50
35 51 35 59
35 60 35 69
35 70 35 80
35 81 35 90
35 91 35 98
35 99 35 109
35 110 35 117
35 118 35 127
35 128 35 138
35 139 35 146
35 147 35 155
35 156 35 163
35 164 35 172
35 173 35 180
35 185 35 195
35 196 35 204
35 205 35 212
35 213 35 221
35 222 35 231
35 232 35 240
35 241 35 248
36 0 36 7
36 11 36 21
36 22 36 29
36 30 36 39
36 46 36 56
36 57 36 64
36 69 36 79
36 82 36 92
36 93 36 100
36 106 36 116
36 117 36 125
36 126 36 135
36 136 36 146
36 147 36 157
36 158 36 167
36 169 36 179
36 181 36 191
36 192 36 200
36 202 36 212
36 213 36 220
36 225 36 235
36 236 36 244
37 0 37 8
37 12 37 22
37 24 37 34
37 35 37 43
37 44 37 52
37 54 37 64
37 70 37 80
37 81 37 88
37 89 37 97
37 98 37 107
37 108 37 116
37 117 37 125
37 126 37 136
37 137 37 144
37 145 37 153
37 155 37 165
37 166 37 175
37 176 37 184
37 185 37 194
37 195 37 203
37 204 37 211
37 212 37 219
37 223 37 233
37 234 37 241
38 0 38 10
38 11 38 18
38 21 38 31
38 32 38 39
38 40 38 47
38 48 38 56
38 57 38 66
38 67 38 76
38 79 38 89
38 90 38 97
38 98 38 105
38 112 38 122
38 123 38 133
38 136 38 146
38 150 38 160
38 170 38 180
38 181 38 189
38 190 38 197
38 198 38 206
38 207 38 217
38 219 38 229
38 230 38 239
38 240 38 247
39 3 39 13
39 14 39 21
39 22 39 29
39 32 39 42
39 43 39 51
39 62 39 72
39 76 39 86
39 87 39 94
39 95 39 104
39 105 39 112
39 113 39 120
39 121 39 128
39 129 39 139
39 140 39 149
39 150 39 160
39 161 39 170
39 171 39 181
39 182 39 191
39 192 39 201
39 209 39 219
39 220 39 230
39 234 39 244
40 3 40 13
40 14 40 21
40 25 40 35
40 36 40 46
40 47 40 56
40 59 40 69
40 70 40 79
40 80 40 88
40 89 40 96
40 113 40 123
40 124 40 134
40 135 40 145
40 146 40 153
40 154 40 161
40 162 40 172
40 173 40 183
40 184 40 193
40 194 40 201
40 202 40 209
40 210 40 217
40 218 40 226
40 231 40 241
40 242 40 249
41 0 41 9
41 11 41 21
41 22 41 30
41 31 41 39
41 40 41 47
41 48 41 56
41 57 41 65
41 68 41 78
41 79 41 88
41 89 41 96
41 97 41 106
41 107 41 115
41 116 41 125
41 129 41 139
41 140 41 149
41 150 41 158
41 159 41 166
41 169 41 179
41 180 41 188
41 189 41 197
41 198 41 207
41 212 41 222
41 223 41 231
41 232 41 240
42 0 42 8
42 15 42 25
42 26 42 35
42 41 42 51
42 52 42 60
42 61 42 68
42 70 42 80
42 85 42 95
42 96 42 105
42 106 42 116
42 117 42 125
42 126 42 135
42 136 42 145
42 146 42 153
42 154 42 163
42 164 42 173
42 176 42 186
42 187 42 196
42 197 42 206
42 207 42 217
42 218 42 225
42 226 42 233
42 234 42 241
43 0 43 8
43 9 43 17
43 23 43 33
43 36 43 46
43 47 43 54
43 55 43 62
43 70 43 80
43 81 43 91
43 92 43 99
43 100 43 107
43 108 43 116
43 119 43 129
43 130 43 137
43 139 43 149
43 151 43 161
43 162 43 169
43 173 43 183
43 184 43 194
43 197 43 207
43 218 43 228
43 232 43 242
44 0 44 9
44 12 44 22
44 23 44 30
44 31 44 41
44 42 44 50
44 51 44 59
44 60 44 69
44 70 44 80
44 81 44 91
44 92 44 100
44 101 44 110
44 111 44 118
44 119 44 128
44 129 44 138
44 142 44 152
44 153 44 163
44 164 44 173
44 175 44 185
44 186 44 193
44 194 44 201
44 202 44 211
44 212 44 219
44 220 44 229
44 233 44 243
45 0 45 10
45 11 45 18
45 19 45 26
45 27 45 35
45 36 45 43
45 44 45 53
45 54 45 64
45 66 45 76
45 77 45 86
45 87 45 97
45 98 45 105
45 107 45 117
45 118 45 127
45 128 45 138
45 139 45 146
45 147 45 156
45 157 45 164
45 165 45 172
45 173 45 181
45 182 45 190
45 191 45 198
45 199 45 207
45 209 45 219
45 220 45 228
45 229 45 236
46 3 46 13
46 14 46 21
46 22 46 29
46 30 46 39
46 40 46 49
46 58 46 68
46 69 46 77
46 81 46 91
46 92 46 100
46 108 46 118
46 119 46 129
46 132 46 142
46 143 46 150
46 151 46 159
46 163 46 173
46 174 46 184
46 185 46 193
46 194 46 204
46 205 46 212
46 213 46 223
46 224 46 231
46 232 46 240
46 241 46 249
47 0 47 7
47 8 47 15
47 16 47 23
47 24 47 32
47 36 47 46
47 48 47 58
47 61 47 71
47 72 47 79
47 80 47 89
47 90 47 99
47 100 47 107
47 108 47 115
47 116 47 123
47 124 47 133
47 135 47 145
47 146 47 154
47 155 47 164
47 165 47 172
47 173 47 182
47 183 47 191
47 192 47 200
47 204 47 214
47 215 47 222
47 223 47 230
48 13 48 23
48 24 48 33
48 34 48 41
48 42 48 52
48 53 48 61
48 63 48 73
48 74 48 81
48 82 48 91
48 92 48 99
48 100 48 109
48 116 48 126
48 127 48 137
48 141 48 151
48 152 48 159
48 165 48 175
48 176 48 186
48 187 48 197
48 198 48 205
48 209 48 219
48 220 48 227
48 228 48 235
48 236 48 243
49 0 49 7
49 8 49 16
49 17 49 26
49 27 49 35
49 38 49 48
49 51 49 61
49 66 49 76
49 77 49 85
49 86 49 94
49 95 49 102
49 103 49 112
49 114 49 124
49 125 49 132
49 133 49 140
49 141 49 148
49 149 49 157
49 158 49 166
49 167 49 174
49 175 49 182
49 188 49 198
49 199 49 206
49 207 49 215
49 216 49 225
49 226 49 235
49 236 49 244
50 0 50 8
50 11 50 21
50 22 50 29
50 30 50 38
50 39 50 47
50 48 50 57
50 58 50 68
50 69 50 77
50 78 50 86
50 89 50 99
50 100 50 108
50 110 50 120
50 121 50 130
50 131 50 138
50 140 50 150
50 151 50 159
50 160 50 167
50 168 50 176
50 177 50 186
50 187 50 195
50 196 50 205
50 206 50 213
50 215 50 225
50 226 50 235
50 236 50 243
51 0 51 7
51 9 51 19
51 20 51 27
51 28 51 38
51 39 51 46
51 47 51 55
51 62 51 72
51 73 51 83
51 85 51 95
51 98 51 108
51 109 51 116
51 117 51 125
51 126 51 134
51 135 51 143
51 144 51 152
51 154 51 164
51 165 51 174
51 175 51 182
51 183 51 190
51 191 51 198
51 199 51 207
51 208 51 215
51 216 51 223
51 224 51 232
51 233 51 242
52 0 52 9
52 10 52 19
52 20 52 30
52 31 52 38
52 41 52 51
52 52 52 61
52 62 52 69
52 71 52 81
52 82 52 92
52 93 52 103
52 104 52 111
52 112 52 122
52 123 52 133
52 136 52 146
52 147 52 157
52 158 52 165
52 166 52 176
52 190 52 200
52 201 52 208
52 209 52 217
52 218 52 226
53 0 53 8
53 9 53 18
53 19 53 26
53 27 53 34
53 35 53 43
53 44 53 54
53 55 53 62
53 63 53 70
53 71 53 78
53 79 53 86
53 87 53 95
53 96 53 105
53 107 53 117
53 118 53 126
53 127 53 135
53 136 53 145
53 146 53 153
53 158 53 168
53 169 53 179
53 180 53 187
53 188 53 197
53 198 53 206
53 207 53 214
53 215 53 223
53 225 53 235
53 236 53 244
54 0 54 8
54 10 54 20
54 21 54 30
54 31 54 39
54 40 54 47
54 48 54 55
54 63 54 73
54 74 54 81
54 82 54 92
54 97 54 107
54 111 54 121
54 123 54 133
54 134 54 143
54 144 54 151
54 152 54 160
54 161 54 168
54 169 54 176
54 179 54 189
54 190 54 198
54 203 54 213
54 219 54 229
54 235 54 245
55 0 55 8
55 9 55 19
55 21 55 31
55 32 55 41
55 45 55 55
55 57 55 67
55 68 55 77
55 85 55 95
55 97 55 107
55 117 55 127
55 128 55 135
55 140 55 150
55 151 55 158
55 159 55 166
55 167 55 174
55 175 55 185
55 187 55 197
55 205 55 215
55 216 55 225
55 231 55 241
56 0 56 7
56 8 56 17
56 29 56 39
56 40 56 49
56 50 56 59
56 60 56 68
56 69 56 79
56 80 56 87
56 88 56 95
56 96 56 104
56 105 56 113
56 114 56 123
56 124 56 133
56 136 56 146
56 147 56 155
56 156 56 165
56 166 56 174
56 175 56 184
56 185 56 192
56 205 56 215
56 216 56 223
56 224 56 231
56 234 56 244
57 0 57 8
57 9 57 17
57 19 57 29
57 30 57 38
57 39 57 47
57 49 57 59
57 60 57 70
57 71 57 78
57 79 57 86
57 87 57 95
57 96 57 105
57 108 57 118
57 119 57 126
57 127 57 136
57 144 57 154
57 155 57 165
57 166 57 174
57 175 57 182
57 183 57 190
57 191 57 198
57 199 57 208
57 209 57 216
57 218 57 228
57 229 57 237
57 238 57 246
58 0 58 9
58 10 58 20
58 22 58 32
58 33 58 41
58 42 58 50
58 52 58 62
58 63 58 70
58 71 58 78
58 79 58 88
58 89 58 99
58 100 58 108
58 110 58 120
58 121 58 130
58 137 58 147
58 149 58 159
58 160 58 168
58 169 58 176
58 177 58 184
58 185 58 192
58 193 58 200
58 201 58 210
58 211 58 218
58 219 58 227
58 228 58 235
58 236 58 245
59 0 59 7
59 8 59 15
59 18 59 28
59 29 59 38
59 43 59 53
59 54 59 62
59 63 59 71
59 72 59 82
59 85 59 95
59 96 59 105
59 106 59 113
59 114 59 121
59 122 59 132
59 133 59 143
59 144 59 152
59 153 59 163
59 166 59 176
59 177 59 184
59 185 59 194
59 211 59 221
59 228 59 238
59 239 59 246
60 6 60 16
60 17 60 26
60 27 60 37
60 38 60 48
60 50 60 60
60 61 60 71
60 72 60 79
60 80 60 90
60 100 60 110
60 119 60 129
60 130 60 140
60 141 60 151
60 152 60 160
60 161 60 169
60 170 60 179
60 190 60 200
60 202 60 212
60 213 60 221
60 222 60 229
60 230 60 237
60 238 60 245
61 0 61 10
61 11 61 18
61 19 61 27
61 31 61 41
61 42 61 49
61 50 61 58
61 59 61 67
61 68 61 77
61 85 61 95
61 96 61 103
61 104 61 113
61 116 61 126
61 127 61 137
61 138 61 147
61 148 61 157
61 158 61 165
61 166 61 173
61 181 61 191
61 192 61 199
61 200 61 207
61 208 61 215
61 216 61 226
61 227 61 234
61 235 61 245
62 0 62 8
62 9 62 16
62 17 62 26
62 27 62 36
62 37 62 44
62 45 62 53
62 54 62 61
62 62 62 69
62 78 62 88
62 89 62 97
62 100 62 110
62 111 62 118
62 132 62 142
62 143 62 150
62 151 62 159
62 160 62 169
62 172 62 182
62 183 62 191
62 201 62 211
62 212 62 220
62 221 62 230
62 231 62 241
63 4 63 14
63 17 63 27
63 30 63 40
63 41 63 50
63 51 63 58
63 59 63 66
63 69 63 79
63 85 63 95
63 97 63 107
63 108 63 116
63 117 63 125
63 126 63 133
63 143 63 153
63 154 63 161
63 162 63 171
63 182 63 192
63 201 63 211
63 212 63 220
63 221 63 230
63 231 63 238
63 239 63 249
64 1 64 11
64 13 64 23
64 28 64 38
64 39 64 47
64 48 64 56
64 57 64 64
64 67 64 77
64 86 64 96
64 97 64 104
64 105 64 115
64 116 64 125
64 126 64 135
64 136 64 144
64 145 64 152
64 157 64 167
64 171 64 181
64 186 64 196
64 197 64 204
64 213 64 223
64 238 64 248
65 3 65 13
65 22 65 32
65 33 65 42
65 43 65 50
65 51 65 58
65 62 65 72
65 73 65 82
65 83 65 91
65 92 65 99
65 100 65 109
65 110 65 117
65 118 65 128
65 129 65 137
65 138 65 145
65 146 65 153
65 154 65 163
65 164 65 172
65 173 65 180
65 181 65 188
65 189 65 196
65 197 65 205
65 206 65 215
65 219 65 229
65 230 65 237
65 238 65 245
66 0 66 8
66 10 66 20
66 21 66 28
66 29 66 37
66 38 66 47
66 52 66 62
66 68 66 78
66 79 66 89
66 93 66 103
66 104 66 112
66 113 66 120
66 121 66 128
66 129 66 136
66 137 66 146
66 147 66 154
66 155 66 162
66 163 66 172
66 173 66 183
66 184 66 191
66 201 66 211
66 212 66 220
66 222 66 232
66 238 66 248
67 0 67 9
67 10 67 18
67 19 67 28
67 29 67 36
67 37 67 44
67 45 67 54
67 55 67 63
67 64 67 74
67 76 67 86
67 87 67 95
67 96 67 106
67 107 67 114
67 115 67 123
67 125 67 135
67 136 67 146
67 147 67 155
67 156 67 163
67 166 67 176
67 182 67 192
67 193 67 202
67 203 67 212
67 213 67 221
67 222 67 232
67 233 67 242
68 0 68 8
68 9 68 17
68 18 68 27
68 38 68 48
68 49 68 56
68 57 68 65
68 66 68 73
68 74 68 81
68 84 68 94
68 95 68 104
68 105 68 113
68 114 68 121
68 122 68 130
68 134 68 144
68 145 68 153
68 159 68 169
68 178 68 188
68 189 68 197
68 198 68 205
68 206 68 216
68 217 68 224
68 225 68 232
68 233 68 243
69 0 69 8
69 12 69 22
69 23 69 31
69 32 69 40
69 41 69 48
69 49 69 56
69 57 69 64
69 65 69 75
69 76 69 86
69 99 69 109
69 115 69 125
69 126 69 135
69 136 69 143
69 144 69 151
69 152 69 159
69 160 69 167
69 168 69 175
69 176 69 184
69 185 69 194
69 195 69 202
69 203 69 211
69 212 69 221
69 222 69 229
69 230 69 239
69 240 69 247
70 0 70 7
70 8 70 15
70 16 70 25
70 26 70 35
70 36 70 46
70 48 70 58
70 59 70 69
70 70 70 77
70 78 70 88
70 89 70 97
70 98 70 105
70 106 70 115
70 116 70 126
70 128 70 138
70 139 70 146
70 147 70 157
70 164 70 174
70 175 70 185
70 186 70 194
70 195 70 204
70 205 70 214
70 215 70 224
70 225 70 233
70 239 70 249
71 0 71 10
71 11 71 19
71 25 71 35
71 36 71 44
71 45 71 54
71 55 71 64
71 65 71 73
71 74 71 84
71 85 71 95
71 97 71 107
71 108 71 118
71 119 71 128
71 129 71 138
71 139 71 148
71 152 71 162
71 163 71 172
71 173 71 181
71 182 71 191
71 192 71 200
71 206 71 216
71 219 71 229
71 231 71 241
72 1 72 11
72 12 72 20
72 21 72 28
72 29 72 38
72 40 72 50
72 51 72 59
72 60 72 70
72 71 72 78
72 79 72 87
72 88 72 96
72 97 72 105
72 106 72 116
72 117 72 127
72 128 72 136
72 137 72 146
72 156 72 166
72 167 72 176
72 177 72 185
72 186 72 194
72 195 72 204
72 205 72 213
72 214 72 222
72 223 72 230
72 231 72 241
72 242 72 249
73 0 73 10
73 11 73 18
73 19 73 26
73 27 73 35
73 42 73 52
73 53 73 62
73 68 73 78
73 81 73 91
73 97 73 107
73 108 73 115
73 116 73 124
73 125 73 135
73 136 73 144
73 166 73 176
73 177 73 184
73 185 73 193
73 194 73 202
73 203 73 211
73 212 73 220
73 221 73 231
73 233 73 243
74 2 74 12
74 13 74 20
74 21 74 28
74 29 74 36
74 37 74 44
74 45 74 52
74 53 74 63
74 64 74 72
74 73 74 80
74 81 74 88
74 91 74 101
74 102 74 109
74 110 74 118
74 119 74 129
74 130 74 137
74 138 74 145
74 146 74 156
74 157 74 167
74 168 74 177
74 178 74 185
74 187 74 197
74 198 74 205
74 206 74 213
74 225 74 235
74 236 74 243
75 0 75 8
75 9 75 16
75 22 75 32
75 33 75 42
75 44 75 54
75 58 75 68
75 70 75 80
75 81 75 91
75 94 75 104
75 109 75 119
75 120 75 129
75 131 75 141
75 142 75 149
75 156 75 166
75 168 75 178
75 179 75 186
75 187 75 195
75 196 75 205
75 206 75 215
75 221 75 231
75 232 75 239
76 0 76 9
76 11 76 21
76 22 76 31
76 32 76 40
76 45 76 55
76 57 76 67
76 68 76 77
76 87 76 97
76 98 76 106
76 107 76 115
76 116 76 126
76 127 76 134
76 135 76 143
76 144 76 151
76 155 76 165
76 172 76 182
76 183 76 193
76 194 76 201
76 203 76 213
76 214 76 224
76 225 76 232
76 233 76 241
76 242 76 249
77 0 77 8
77 9 77 18
77 19 77 29
77 30 77 38
77 39 77 46
77 47 77 55
77 56 77 65
77 66 77 73
77 74 77 83
77 84 77 91
77 92 77 100
77 103 77 113
77 118 77 128
77 129 77 137
77 151 77 161
77 162 77 170
77 171 77 178
77 179 77 187
77 191 77 201
77 202 77 210
77 217 77 227
77 228 77 237
77 238 77 246
78 0 78 7
78 9 78 19
78 20 78 28
78 29 78 37
78 38 78 45
78 46 78 53
78 54 78 63
78 64 78 73
78 74 78 82
78 83 78 91
78 92 78 101
78 102 78 110
78 118 78 128
78 129 78 136
78 137 78 145
78 152 78 162
78 163 78 170
78 171 78 180
78 181 78 189
78 190 78 197
78 198 78 205
78 215 78 225
78 226 78 235
78 236 78 244
79 0 79 10
79 11 79 20
79 21 79 30
79 31 79 38
79 40 79 50
79 51 79 59
79 60 79 68
79 81 79 91
79 94 79 104
79 105 79 113
79 114 79 121
79 122 79 132
79 133 79 141
79 142 79 150
79 156 79 166
79 169 79 179
79 180 79 189
79 197 79 207
79 208 79 215
79 216 79 223
79 224 79 231
79 232 79 242
80 0 80 9
80 13 80 23
80 24 80 32
80 33 80 43
80 44 80 52
80 53 80 60
80 65 80 75
80 77 80 87
80 88 80 95
80 97 80 107
80 108 80 116
80 118 80 128
80 129 80 137
80 138 80 146
80 148 80 158
80 162 80 172
80 173 80 181
80 182 80 189
80 190 80 200
80 202 80 212
80 213 80 220
80 221 80 229
80 237 80 247
81 0 81 7
81 8 81 15
81 16 81 23
81 24 81 31
81 32 81 41
81 43 81 53
81 54 81 62
81 63 81 70
81 76 81 86
81 87 81 95
81 96 81 104
81 105 81 113
81 114 81 122
81 123 81 132
81 133 81 141
81 151 81 161
81 162 81 171
81 172 81 179
81 180 81 187
81 198 81 208
81 217 81 227
81 233 81 243
82 0 82 7
82 8 82 16
82 17 82 26
82 27 82 35
82 36 82 43
82 44 82 51
82 52 82 59
82 60 82 67
82 68 82 76
82 77 82 85
82 87 82 97
82 98 82 105
82 107 82 117
82 118 82 125
82 126 82 134
82 135 82 145
82 146 82 154
82 163 82 173
82 174 82 181
82 182 82 192
82 193 82 200
82 201 82 210
82 214 82 224
82 225 82 232
82 236 82 246
83 0 83 7
83 8 83 15
83 19 83 29
83 30 83 37
83 39 83 49
83 50 83 58
83 59 83 67
83 68 83 75
83 76 83 85
83 86 83 93
83 94 83 103
83 104 83 113
83 114 83 121
83 122 83 131
83 132 83 142
83 145 83 155
83 166 83 176
83 177 83 184
83 185 83 192
83 193 83 200
83 205 83 215
83 216 83 226
83 227 83 235
83 236 83 244
84 1 84 11
84 12 84 19
84 20 84 29
84 37 84 47
84 48 84 55
84 65 84 75
84 84 84 94
84 95 84 103
84 105 84 115
84 119 84 129
84 130 84 137
84 139 84 149
84 150 84 157
84 158 84 168
84 169 84 177
84 180 84 190
84 202 84 212
84 213 84 222
84 231 84 241
85 9 85 19
85 20 85 28
85 29 85 37
85 40 85 50
85 51 85 58
85 59 85 69
85 70 85 78
85 79 85 89
85 90 85 100
85 102 85 112
85 122 85 132
85 133 85 140
85 141 85 150
85 151 85 158
85 159 85 168
85 169 85 176
85 177 85 184
85 186 85 196
85 197 85 205
85 206 85 213
85 214 85 222
85 223 85 230
85 231 85 238
85 239 85 247
86 0 86 7
86 8 86 15
86 16 86 24
86 25 86 32
86 33 86 41
86 42 86 50
86 51 86 58
86 59 86 66
86 72 86 82
86 83 86 91
86 95 86 105
86 106 86 113
86 114 86 124
86 125 86 133
86 134 86 141
86 142 86 149
86 154 86 164
86 165 86 173
86 175 86 185
86 191 86 201
86 202 86 212
86 213 86 220
86 221 86 231
86 232 86 240
87 0 87 9
87 16 87 26
87 27 87 35
87 36 87 43
87 44 87 52
87 53 87 63
87 64 87 71
87 72 87 82
87 83 87 90
87 91 87 98
87 99 87 108
87 109 87 117
87 121 87 131
87 146 87 156
87 157 87 165
87 166 87 174
87 175 87 182
87 185 87 195
87 202 87 212
87 213 87 223
87 224 87 232
87 233 87 242
88 0 88 9
88 11 88 21
88 27 88 37
88 38 88 45
88 46 88 53
88 57 88 67
88 68 88 77
88 78 88 87
88 88 88 97
88 98 88 107
88 108 88 118
88 119 88 126
88 128 88 138
88 139 88 149
88 150 88 159
88 161 88 171
88 172 88 181
88 182 88 191
88 192 88 202
88 209 88 219
88 220 88 230
88 231 88 238
88 239 88 246
89 0 89 9
89 17 89 27
89 36 89 46
89 54 89 64
89 65 89 74
89 75 89 83
89 84 89 92
89 95 89 105
89 106 89 113
89 114 89 124
89 134 89 144
89 146 89 156
89 157 89 165
89 166 89 174
89 175 89 185
89 186 89 193
89 194 89 201
89 212 89 222
89 223 89 231
89 232 89 240
89 241 89 248
90 1 90 11
90 17 90 27
90 28 90 36
90 38 90 48
90 49 90 56
90 57 90 67
90 68 90 77
90 78 90 86
90 87 90 96
90 97 90 105
90 106 90 113
90 114 90 121
90 122 90 131
90 132 90 141
90 147 90 157
90 158 90 168
90 169 90 176
90 177 90 184
90 185 90 193
90 194 90 202
90 204 90 214
90 226 90 236
90 238 90 248
91 0 91 7
91 8 91 15
91 16 91 24
91 25 91 32
91 33 91 41
91 42 91 49
91 50 91 59
91 60 91 68
91 69 91 77
91 78 91 87
91 88 91 97
91 98 91 105
91 106 91 114
91 115 91 124
91 125 91 133
91 134 91 141
91 142 91 151
91 160 91 170
91 171 91 181
91 187 91 197
91 198 91 205
91 209 91 219
91 220 91 228
91 230 91 240
92 0 92 8
92 13 92 23
92 24 92 34
92 35 92 43
92 44 92 51
92 52 92 62
92 63 92 71
92 72 92 82
92 83 92 91
92 92 92 100
92 102 92 112
92 114 92 124
92 126 92 136
92 142 92 152
92 153 92 161
92 162 92 169
92 170 92 177
92 178 92 188
92 189 92 196
92 197 92 207
92 208 92 215
92 231 92 241
93 5 93 15
93 16 93 23
93 24 93 32
93 33 93 41
93 42 93 49
93 50 93 60
93 61 93 68
93 70 93 80
93 82 93 92
93 93 93 101
93 102 93 109
93 110 93 118
93 119 93 129
93 130 93 139
93 140 93 150
93 151 93 160
93 161 93 169
93 170 93 179
93 184 93 194
93 195 93 202
93 203 93 210
93 211 93 218
93 219 93 226
93 228 93 238
94 0 94 7
94 8 94 15
94 16 94 23
94 29 94 39
94 40 94 47
94 48 94 56
94 57 94 65
94 66 94 74
94 76 94 86
94 87 94 94
94 97 94 107
94 108 94 116
94 117 94 124
94 125 94 133
94 134 94 143
94 144 94 151
94 152 94 159
94 160 94 169
94 171 94 181
94 182 94 190
94 191 94 201
94 202 94 212
94 213 94 222
94 223 94 230
94 231 94 238
94 239 94 247
95 0 95 8
95 9 95 16
95 17 95 24
95 25 95 32
95 33 95 42
95 43 95 50
95 51 95 58
95 59 95 68
95 69 95 78
95 79 95 86
95 87 95 94
95 99 95 109
95 110 95 117
95 118 95 127
95 128 95 137
95 143 95 153
95 154 95 162
95 163 95 172
95 173 95 182
95 187 95 197
95 198 95 207
95 208 95 216
95 218 95 228
95 229 95 237
95 238 95 246
96 0 96 9
96 10 96 19
96 20 96 27
96 28 96 37
96 39 96 49
96 50 96 59
96 69 96 79
96 80 96 88
96 89 96 96
96 97 96 104
96 105 96 112
96 121 96 131
96 132 96 142
96 143 96 153
96 154 96 161
96 162 96 170
96 171 96 179
96 180 96 190
96 196 96 206
96 207 96 216
96 217 96 224
96 225 96 234
96 235 96 242
97 8 97 18
97 21 97 31
97 35 97 45
97 46 97 53
97 54 97 62
97 63 97 70
97 71 97 81
97 82 97 91
97 95 97 105
97 114 97 124
97 125 97 132
97 133 97 140
97 141 97 148
97 151 97 161
97 162 97 171
97 172 97 182
97 183 97 190
97 191 97 199
97 200 97 207
97 210 97 220
97 221 97 229
97 230 97 240
98 0 98 10
98 11 98 19
98 21 98 31
98 32 98 39
98 41 98 51
98 52 98 59
98 60 98 68
98 69 98 76
98 77 98 84
98 85 98 93
98 99 98 109
98 115 98 125
98 126 98 135
98 136 98 145
98 146 98 154
98 155 98 164
98 165 98 172
98 174 98 184
98 185 98 193
98 194 98 201
98 204 98 214
98 215 98 222
98 223 98 230
98 232 98 242
99 0 99 8
99 13 99 23
99 24 99 33
99 34 99 43
99 44 99 51
99 52 99 62
99 63 99 71
99 74 99 84
99 85 99 92
99 93 99 103
99 104 99 112
99 113 99 123
99 124 99 134
99 135 99 142
99 143 99 151
99 152 99 159
99 160 99 167
99 168 99 176
99 177 99 185
99 195 99 205
99 206 99 214
99 215 99 225
99 239 99 249
100 0 100 7
100 8 100 16
100 17 100 27
100 28 100 37
100 42 100 52
100 53 100 60
100 61 100 68
100 69 100 76
100 77 100 84
100 85 100 95
100 96 100 105
100 111 100 121
100 122 100 129
100 130 100 139
100 140 100 150
100 151 100 158
100 159 100 166
100 167 100 175
100 178 100 188
100 189 100 197
100 198 100 206
100 209 100 219
100 220 100 230
100 231 100 239
100 240 100 247
101 0 101 10
101 11 101 20
101 21 101 28
101 29 101 37
101 38 101 47
101 48 101 58
101 59 101 66
101 67 101 75
101 76 101 85
101 86 101 96
101 97 101 106
101 107 101 115
101 116 101 126
101 127 101 135
101 136 101 143
101 157 101 167
101 168 101 177
101 187 101 197
101 198 101 205
101 206 101 213
101 214 101 221
101 224 101 234
101 235 101 242
102 0 102 10
102 11 102 20
102 21 102 29
102 30 102 40
102 41 102 48
102 49 102 56
102 57 102 64
102 68 102 78
102 79 102 88
102 89 102 98
102 106 102 116
102 117 102 126
102 127 102 136
102 137 102 144
102 145 102 155
102 156 102 165
102 166 102 175
102 176 102 185
102 186 102 194
102 196 102 206
102 207 102 215
102 216 102 224
102 227 102 237
102 238 102 245
103 0 103 8
103 10 103 20
103 21 103 31
103 32 103 39
103 40 103 47
103 48 103 56
103 57 103 65
103 66 103 76
103 77 103 85
103 86 103 96
103 104 103 114
103 123 103 133
103 134 103 141
103 142 103 150
103 152 103 162
103 163 103 172
103 173 103 180
103 198 103 208
103 209 103 217
103 218 103 226
103 227 103 235
103 236 103 243
104 6 104 16
104 17 104 24
104 25 104 34
104 35 104 42
104 43 104 52
104 53 104 63
104 69 104 79
104 80 104 87
104 88 104 96
104 97 104 105
104 106 104 115
104 116 104 124
104 125 104 132
104 133 104 140
104 141 104 148
104 149 104 159
104 160 104 169
104 171 104 181
104 182 104 189
104 190 104 198
104 199 104 207
104 208 104 216
104 217 104 225
104 226 104 234
104 235 104 243
105 0 105 9
105 10 105 18
105 19 105 26
105 28 105 38
105 39 105 48
105 49 105 57
105 58 105 66
105 74 105 84
105 85 105 94
105 95 105 104
105 105 105 112
105 113 105 123
105 124 105 132
105 133 105 140
105 141 105 148
105 149 105 159
105 162 105 172
105 173 105 180
105 181 105 190
105 194 105 204
105 205 105 214
105 217 105 227
105 229 105 239
105 240 105 248
106 0 106 7
106 14 106 24
106 25 106 32
106 33 106 42
106 43 106 51
106 52 106 59
106 62 106 72
106 74 106 84
106 85 106 93
106 94 106 102
106 103 106 110
106 111 106 121
106 122 106 129
106 133 106 143
106 144 106 154
106 156 106 166
106 173 106 183
106 184 106 192
106 193 106 200
106 213 106 223
106 224 106 233
106 234 106 244
107 0 107 8
107 9 107 18
107 24 107 34
107 35 107 43
107 44 107 54
107 55 107 65
107 66 107 75
107 76 107 83
107 84 107 92
107 97 107 107
107 108 107 117
107 118 107 126
107 127 107 134
107 139 107 149
107 150 107 159
107 160 107 169
107 172 107 182
107 183 107 192
107 195 107 205
107 206 107 215
107 216 107 224
107 225 107 232
107 233 107 242
108 0 108 9
108 12 108 22
108 36 108 46
108 47 108 55
108 56 108 63
108 64 108 72
108 75 108 85
108 86 108 94
108 95 108 104
108 105 108 112
108 113 108 123
108 134 108 144
108 145 108 154
108 155 108 162
108 163 108 172
108 173 108 181
108 182 108 190
108 191 108 198
108 203 108 213
108 214 108 222
108 223 108 231
108 232 108 242
109 0 109 7
109 8 109 16
109 17 109 24
109 25 109 33
109 34 109 41
109 42 109 49
109 50 109 57
109 58 109 68
109 69 109 76
109 79 109 89
109 90 109 98
109 99 109 108
109 109 109 119
109 120 109 130
109 131 109 140
109 141 109 148
109 149 109 157
109 158 109 166
109 168 109 178
109 179 109 187
109 188 109 197
109 206 109 216
109 220 109 230
109 231 109 238
109 239 109 246
110 0 110 7
110 8 110 16
110 17 110 25
110 26 110 36
110 37 110 44
110 45 110 52
110 53 110 61
110 64 110 74
110 79 110 89
110 90 110 97
110 98 110 106
110 107 110 117
110 121 110 131
110 133 110 143
110 150 110 160
110 161 110 169
110 170 110 177
110 178 110 185
110 186 110 194
110 195 110 202
110 203 110 210
110 213 110 223
110 235 110 245
111 12 111 22
111 23 111 33
111 34 111 43
111 44 111 52
111 54 111 64
111 65 111 74
111 75 111 83
111 86 111 96
111 97 111 105
111 106 111 113
111 114 111 123
111 124 111 131
111 132 111 139
111 140 111 149
111 163 111 173
111 174 111 183
111 184 111 191
111 192 111 199
111 200 111 207
111 214 111 224
111 225 111 232
111 233 111 240
112 0 112 8
112 9 112 16
112 18 112 28
112 30 112 40
112 41 112 49
112 50 112 58
112 59 112 67
112 68 112 78
112 79 112 89
112 96 112 106
112 107 112 114
112 115 112 122
112 123 112 131
112 132 112 139
112 140 112 147
112 148 112 156
112 157 112 165
112 166 112 173
112 174 112 184
112 185 112 195
112 196 112 203
112 205 112 215
112 216 112 226
112 227 112 235
112 236 112 243
113 0 113 7
113 14 113 24
113 25 113 33
113 49 113 59
113 60 113 67
113 68 113 77
113 78 113 87
113 88 113 98
113 99 113 107
113 108 113 118
113 119 113 126
113 127 113 135
113 142 113 152
113 158 113 168
113 169 113 179
113 180 113 187
113 196 113 206
113 207 113 214
113 215 113 222
113 223 113 230
113 231 113 238
113 239 113 246
114 0 114 9
114 10 114 17
114 18 114 27
114 28 114 36
114 37 114 45
114 46 114 56
114 57 114 64
114 65 114 72
114 73 114 81
114 82 114 89
114 90 114 97
114 98 114 106
114 107 114 114
114 115 114 122
114 123 114 132
114 133 114 141
114 142 114 151
114 155 114 165
114 166 114 175
114 176 114 184
114 188 114 198
114 199 114 207
114 208 114 216
114 232 114 242
115 0 115 7
115 8 115 16
115 17 115 24
115 25 115 32
115 33 115 40
115 41 115 51
115 52 115 61
115 62 115 69
115 77 115 87
115 88 115 97
115 98 115 105
115 106 115 113
115 114 115 124
115 125 115 132
115 133 115 143
115 144 115 151
115 152 115 159
115 169 115 179
115 180 115 189
115 190 115 200
115 204 115 214
115 215 115 223
115 224 115 232
115 239 115 249
116 4 116 14
116 26 116 36
116 37 116 47
116 48 116 58
116 59 116 67
116 68 116 78
116 79 116 86
116 87 116 97
116 98 116 106
116 107 116 115
116 116 116 123
116 124 116 131
116 132 116 141
116 142 116 151
116 152 116 162
116 163 116 173
116 175 116 185
116 186 116 193
116 194 116 204
116 210 116 220
116 229 116 239
117 1 117 11
117 12 117 19
117 26 117 36
117 37 117 47
117 48 117 58
117 59 117 66
117 67 117 75
117 76 117 83
117 90 117 100
117 101 117 109
117 111 117 121
117 127 117 137
117 138 117 146
117 147 117 154
117 155 117 163
117 164 117 171
117 172 117 180
117 181 117 188
117 189 117 196
117 197 117 207
117 208 117 216
117 217 117 224
117 225 117 233
117 234 117 244
118 0 118 8
118 9 118 18
118 20 118 30
118 35 118 45
118 46 118 55
118 57 118 67
118 68 118 78
118 79 118 86
118 95 118 105
118 106 118 114
118 115 118 122
118 123 118 130
118 131 118 139
118 140 118 147
118 148 118 155
118 156 118 163
118 164 118 172
118 173 118 180
118 181 118 188
118 189 118 197
118 199 118 209
118 210 118 219
118 220 118 228
118 231 118 241
119 3 119 13
119 14 119 21
119 22 119 29
119 37 119 47
119 48 119 55
119 56 119 66
119 67 119 74
119 75 119 83
119 84 119 93
119 94 119 101
119 102 119 111
119 117 119 127
119 132 119 142
119 143 119 153
119 160 119 170
119 173 119 183
119 184 119 191
119 192 119 201
119 202 119 210
119 211 119 220
119 221 119 229
119 230 119 237
119 239 119 249
120 0 120 8
120 9 120 17
120 18 120 27
120 28 120 37
120 38 120 48
120 49 120 57
120 58 120 68
120 69 120 78
120 79 120 87
120 88 120 95
120 96 120 105
120 113 120 123
120 124 120 132
120 133 120 140
120 141 120 151
120 166 120 176
120 177 120 187
120 188 120 195
120 196 120 203
120 204 120 211
120 212 120 219
120 220 120 227
120 228 120 236
120 237 120 244
121 0 121 8
121 9 121 17
121 20 121 30
121 32 121 42
121 54 121 64
121 65 121 72
121 78 121 88
121 90 121 100
121 101 121 108
121 109 121 117
121 118 121 125
121 133 121 143
121 149 121 159
121 165 121 175
121 176 121 186
121 189 121 199
121 202 121 212
121 215 121 225
121 226 121 234
121 235 121 242
122 6 122 16
122 17 122 24
122 29 122 39
122 42 122 52
122 53 122 60
122 61 122 68
122 69 122 78
122 79 122 86
122 87 122 95
122 100 122 110
122 111 122 120
122 121 122 129
122 131 122 141
122 146 122 156
122 157 122 164
122 165 122 173
122 181 122 191
122 192 122 201
122 208 122 218
122 219 122 229
122 231 122 241
123 4 123 14
123 15 123 22
123 23 123 33
123 34 123 44
123 45 123 52
123 53 123 63
123 64 123 71
123 84 123 94
123 95 123 104
123 105 123 112
123 113 123 122
123 128 123 138
123 139 123 147
123 149 123 159
123 162 123 172
123 173 123 182
123 183 123 191
123 192 123 200
123 201 123 208
123 209 123 219
123 220 123 228
123 229 123 239
124 0 124 7
124 8 124 18
124 24 124 34
124 35 124 44
124 45 124 54
124 55 124 64
124 65 124 72
124 80 124 90
124 93 124 103
124 105 124 115
124 116 124 126
124 127 124 137
124 138 124 147
124 148 124 156
124 157 124 164
124 165 124 172
124 176 124 186
124 192 124 202
124 206 124 216
124 223 124 233
124 234 124 241
124 242 124 249
125 0 125 10
125 11 125 19
125 20 125 27
125 28 125 35
125 36 125 43
125 73 125 83
125 88 125 98
125 99 125 107
125 108 125 116
125 117 125 127
125 128 125 136
125 137 125 146
125 147 125 157
125 158 125 167
125 176 125 186
125 187 125 194
125 196 125 206
125 207 125 216
125 217 125 227
125 228 125 235
126 3 126 13
126 14 126 22
126 24 126 34
126 35 126 45
126 46 126 53
126 54 126 61
126 63 126 73
126 74 126 83
126 84 126 91
126 92 126 102
126 103 126 111
126 118 126 128
126 130 126 140
126 141 126 149
126 150 126 157
126 159 126 169
126 177 126 187
126 188 126 196
126 197 126 204
126 205 126 214
126 215 126 223
126 232 126 242
127 0 127 9
127 10 127 19
127 20 127 28
127 29 127 36
127 38 127 48
127 49 127 58
127 59 127 69
127 70 127 79
127 91 127 101
127 102 127 110
127 111 127 119
127 120 127 128
127 129 127 137
127 138 127 145
127 146 127 154
127 155 127 165
127 166 127 174
127 175 127 185
127 186 127 194
127 197 127 207
127 208 127 215
127 216 127 223
127 224 127 233
127 234 127 241
128 0 128 7
128 8 128 15
128 16 128 23
128 24 128 31
128 32 128 39
128 41 128 51
128 52 128 62
128 63 128 72
128 73 128 83
128 84 128 92
128 93 128 102
128 103 128 110
128 111 128 119
128 124 128 134
128 135 128 142
128 143 128 151
128 152 128 159
128 162 128 172
128 173 128 180
128 181 128 189
128 190 128 198
128 202 128 212
128 213 128 222
128 231 128 241
128 242 128 249
129 2 129 12
129 16 129 26
129 27 129 35
129 39 129 49
129 50 129 59
129 61 129 71
129 82 129 92
129 93 129 100
129 101 129 109
129 111 129 121
129 136 129 146
129 148 129 158
129 159 129 167
129 168 129 177
129 178 129 185
129 186 129 194
129 195 129 202
129 203 129 211
129 212 129 219
129 220 129 228
129 229 129 236
129 237 129 246
130 0 130 8
130 9 130 17
130 23 130 33
130 36 130 46
130 47 130 54
130 55 130 62
130 63 130 70
130 73 130 83
130 84 130 94
130 95 130 103
130 104 130 112
130 117 130 127
130 141 130 151
130 152 130 160
130 161 130 170
130 177 130 187
130 188 130 196
130 197 130 205
130 206 130 214
130 215 130 225
130 227 130 237
130 238 130 246
131 0 131 8
131 15 131 25
131 26 131 34
131 35 131 45
131 46 131 53
131 54 131 61
131 62 131 72
131 73 131 82
131 83 131 90
131 91 131 101
131 104 131 114
131 130 131 140
131 141 131 148
131 149 131 157
131 158 131 166
131 167 131 177
131 186 131 196
131 197 131 204
131 205 131 212
131 213 131 221
131 222 131 231
131 232 131 242
132 0 132 8
132 9 132 17
132 20 132 30
132 31 132 38
132 39 132 46
132 47 132 55
132 56 132 63
132 64 132 71
132 72 132 80
132 81 132 89
132 90 132 99
132 100 132 110
132 111 132 120
132 121 132 128
132 129 132 138
132 139 132 149
132 150 132 157
132 170 132 180
132 181 132 191
132 192 132 201
132 202 132 209
132 210 132 217
132 218 132 225
132 226 132 234
133 5 133 15
133 16 133 23
133 24 133 34
133 35 133 45
133 46 133 54
133 55 133 62
133 63 133 71
133 85 133 95
133 99 133 109
133 110 133 120
133 121 133 130
133 131 133 138
133 139 133 146
133 155 133 165
133 166 133 175
133 176 133 183
133 184 133 191
133 192 133 201
133 203 133 213
133 214 133 222
133 223 133 232
133 233 133 240
133 241 133 248
134 6 134 16
134 25 134 35
134 36 134 45
134 50 134 60
134 61 134 68
134 69 134 78
134 79 134 86
134 87 134 94
134 95 134 102
134 103 134 110
134 111 134 119
134 120 134 127
134 143 134 153
134 155 134 165
134 173 134 183
134 184 134 194
134 195 134 202
134 204 134 214
134 215 134 223
134 225 134 235
135 0 135 7
135 9 135 19
135 20 135 28
135 38 135 48
135 49 135 56
135 57 135 65
135 66 135 75
135 77 135 87
135 90 135 100
135 101 135 110
135 111 135 118
135 119 135 127
135 133 135 143
135 144 135 151
135 152 135 159
135 160 135 167
135 169 135 179
135 180 135 189
135 191 135 201
135 203 135 213
135 214 135 223
135 225 135 235
135 236 135 244
136 21 136 31
136 34 136 44
136 50 136 60
136 63 136 73
136 74 136 84
136 85 136 92
136 93 136 100
136 106 136 116
136 124 136 134
136 138 136 148
136 149 136 158
136 159 136 166
136 167 136 177
136 178 136 186
136 187 136 197
136 198 136 205
136 206 136 214
136 215 136 222
136 223 136 231
136 232 136 242
137 0 137 7
137 8 137 18
137 19 137 28
137 29 137 38
137 39 137 47
137 48 137 55
137 56 137 64
137 65 137 74
137 75 137 82
137 92 137 102
137 122 137 132
137 133 137 140
137 141 137 148
137 149 137 156
137 157 137 164
137 165 137 172
137 173 137 183
137 184 137 193
137 194 137 202
137 203 137 211
137 212 137 222
137 223 137 231
137 232 137 239
138 0 138 9
138 13 138 23
138 29 138 39
138 40 138 48
138 49 138 58
138 59 138 69
138 70 138 80
138 81 138 90
138 92 138 102
138 103 138 112
138 113 138 122
138 123 138 130
138 131 138 138
138 151 138 161
138 162 138 170
138 173 138 183
138 184 138 192
138 199 138 209
138 210 138 218
138 219 138 227
138 228 138 237
138 238 138 245
139 0 139 8
139 10 139 20
139 21 139 30
139 31 139 39
139 40 139 48
139 49 139 56
139 57 139 65
139 66 139 76
139 77 139 85
139 97 139 107
139 108 139 115
139 116 139 124
139 130 139 140
139 141 139 149
139 151 139 161
139 162 139 170
139 171 139 178
139 179 139 189
139 190 139 198
139 202 139 212
139 213 139 221
139 226 139 236
139 237 139 245
140 0 140 9
140 10 140 18
140 19 140 28
140 29 140 39
140 40 140 48
140 57 140 67
140 68 140 75
140 80 140 90
140 91 140 98
140 100 140 110
140 111 140 121
140 122 140 129
140 130 140 137
140 138 140 145
140 149 140 159
140 161 140 171
140 172 140 179
140 180 140 187
140 188 140 198
140 199 140 206
140 207 140 214
140 215 140 224
140 228 140 238
140 239 140 247
141 0 141 7
141 9 141 19
141 20 141 27
141 28 141 37
141 38 141 47
141 48 141 56
141 57 141 64
141 68 141 78
141 79 141 89
141 90 141 99
141 100 141 107
141 108 141 115
141 116 141 123
141 124 141 133
141 134 141 141
141 144 141 154
141 161 141 171
141 172 141 181
141 182 141 190
141 191 141 200
141 201 141 209
141 210 141 219
141 221 141 231
141 232 141 241
141 242 141 249
142 0 142 9
142 10 142 18
142 19 142 28
142 29 142 37
142 38 142 46
142 54 142 64
142 71 142 81
142 82 142 89
142 90 142 99
142 100 142 108
142 109 142 116
142 117 142 125
142 126 142 133
142 134 142 144
142 145 142 153
142 154 142 161
142 162 142 169
142 170 142 177
142 182 142 192
142 193 142 200
142 201 142 210
142 211 142 219
142 220 142 229
142 230 142 237
142 239 142 249
143 0 143 7
143 8 143 16
143 18 143 28
143 29 143 36
143 37 143 44
143 45 143 55
143 72 143 82
143 83 143 90
143 96 143 106
143 107 143 114
143 115 143 122
143 123 143 131
143 132 143 142
143 143 143 151
143 152 143 159
143 160 143 169
143 170 143 178
143 179 143 186
143 187 143 195
143 196 143 204
143 205 143 215
143 216 143 224
143 225 143 233
143 234 143 241
143 242 143 249
144 0 144 8
144 9 144 17
144 18 144 28
144 29 144 36
144 37 144 45
144 52 144 62
144 63 144 70
144 71 144 78
144 87 144 97
144 106 144 116
144 117 144 127
144 128 144 136
144 137 144 146
144 148 144 158
144 159 144 167
144 172 144 182
144 183 144 192
144 197 144 207
144 216 144 226
144 235 144 245
145 0 145 8
145 19 145 29
145 30 145 37
145 38 145 48
145 49 145 56
145 58 145 68
145 69 145 78
145 79 145 88
145 89 145 98
145 99 145 108
145 109 145 117
145 122 145 132
145 133 145 141
145 142 145 149
145 162 145 172
145 173 145 182
145 183 145 192
145 193 145 201
145 202 145 209
145 210 145 217
145 218 145 226
145 227 145 236
145 237 145 244
146 0 146 7
146 9 146 19
146 20 146 28
146 29 146 36
146 37 146 45
146 46 146 53
146 54 146 62
146 64 146 74
146 75 146 83
146 84 146 94
146 95 146 102
146 108 146 118
146 119 146 128
146 129 146 136
146 137 146 145
146 146 146 155
146 156 146 163
146 164 146 173
146 174 146 182
146 183 146 191
146 192 146 199
146 200 146 208
146 209 146 218
146 219 146 226
146 227 146 234
146 235 146 242
147 0 147 7
147 8 147 16
147 24 147 34
147 35 147 44
147 51 147 61
147 62 147 69
147 70 147 77
147 81 147 91
147 93 147 103
147 104 147 112
147 113 147 121
147 122 147 129
147 130 147 138
147 142 147 152
147 153 147 163
147 164 147 173
147 174 147 184
147 185 147 194
147 195 147 203
147 204 147 211
147 222 147 232
147 233 147 241
148 0 148 9
148 10 148 17
148 25 148 35
148 37 148 47
148 48 148 57
148 58 148 66
148 74 148 84
148 98 148 108
148 109 148 119
148 120 148 128
148 133 148 143
148 144 148 152
148 153 148 161
148 162 148 171
148 172 148 179
148 185 148 195
148 203 148 213
148 214 148 223
148 224 148 231
148 232 148 240
148 241 148 249
149 1 149 11
149 18 149 28
149 29 149 37
149 42 149 52
149 56 149 66
149 67 149 74
149 75 149 82
149 86 149 96
149 97 149 105
149 106 149 115
149 116 149 124
149 125 149 132
149 136 149 146
149 147 149 156
149 157 149 165
149 166 149 173
149 176 149 186
149 187 149 195
149 196 149 206
149 207 149 214
149 215 149 224
149 226 149 236
149 237 149 247
150 2 150 12
150 13 150 20
150 21 150 28
150 29 150 39
150 40 150 47
150 48 150 55
150 56 150 64
150 65 150 75
150 77 150 87
150 88 150 97
150 98 150 105
150 106 150 116
150 119 150 129
150 130 150 137
150 138 150 145
150 146 150 156
150 170 150 180
150 182 150 192
150 193 150 200
150 201 150 211
150 212 150 219
150 220 150 228
150 237 150 247
151 0 151 8
151 9 151 16
151 17 151 26
151 27 151 34
151 35 151 42
151 43 151 51
151 52 151 61
151 62 151 70
151 71 151 79
151 80 151 89
151 92 151 102
151 103 151 111
151 112 151 119
151 120 151 128
151 129 151 136
151 137 151 144
151 145 151 154
151 155 151 162
151 163 151 170
151 178 151 188
151 189 151 196
151 197 151 205
151 206 151 213
151 214 151 224
151 225 151 233
151 234 151 241
152 0 152 9
152 10 152 17
152 22 152 32
152 33 152 43
152 48 152 58
152 59 152 66
152 67 152 77
152 78 152 85
152 86 152 95
152 101 152 111
152 112 152 119
152 120 152 129
152 135 152 145
152 146 152 153
152 158 152 168
152 169 152 176
152 177 152 186
152 188 152 198
152 199 152 209
152 214 152 224
152 233 152 243
153 0 153 10
153 11 153 19
153 20 153 27
153 29 153 39
153 40 153 47
153 48 153 55
153 56 153 64
153 65 153 72
153 79 153 89
153 90 153 100
153 101 153 108
153 109 153 117
153 118 153 125
153 126 153 133
153 139 153 149
153 151 153 161
153 162 153 171
153 176 153 186
153 187 153 195
153 196 153 203
153 204 153 211
153 212 153 220
153 221 153 228
153 229 153 238
153 239 153 248
154 0 154 8
154 14 154 24
154 32 154 42
154 46 154 56
154 57 154 65
154 66 154 75
154 88 154 98
154 99 154 106
154 107 154 115
154 116 154 124
154 125 154 133
154 135 154 145
154 146 154 156
154 157 154 166
154 167 154 176
154 177 154 184
154 193 154 203
154 204 154 214
154 215 154 222
154 224 154 234
154 235 154 243
155 4 155 14
155 15 155 23
155 24 155 34
155 35 155 42
155 43 155 52
155 53 155 61
155 62 155 70
155 71 155 80
155 81 155 91
155 92 155 102
155 103 155 110
155 111 155 120
155 121 155 128
155 129 155 139
155 142 155 152
155 155 155 165
155 166 155 173
155 174 155 181
155 182 155 189
155 190 155 199
155 200 155 207
155 209 155 219
155 220 155 227
155 235 155 245
156 6 156 16
156 17 156 27
156 28 156 37
156 38 156 45
156 46 156 53
156 54 156 62
156 66 156 76
156 77 156 86
156 89 156 99
156 101 156 111
156 112 156 119
156 121 156 131
156 132 156 140
156 141 156 149
156 150 156 157
156 161 156 171
156 172 156 182
156 183 156 190
156 191 156 198
156 199 156 209
156 217 156 227
156 228 156 235
156 236 156 243
157 0 157 8
157 10 157 20
157 21 157 29
157 30 157 37
157 39 157 49
157 50 157 58
157 59 157 68
157 69 157 79
157 80 157 87
157 88 157 97
157 98 157 105
157 106 157 113
157 114 157 123
157 124 157 134
157 135 157 142
157 143 157 151
157 152 157 159
157 160 157 167
157 168 157 175
157 176 157 184
157 185 157 192
157 197 157 207
157 208 157 217
157 218 157 225
157 226 157 235
157 238 157 248
158 0 158 8
158 9 158 16
158 17 158 24
158 25 158 34
158 35 158 43
158 44 158 51
158 52 158 60
158 70 158 80
158 81 158 88
158 89 158 98
158 99 158 106
158 107 158 115
158 116 158 124
158 125 158 135
158 136 158 144
158 145 158 153
158 154 158 163
158 164 158 173
158 174 158 184
158 185 158 194
158 195 158 202
158 203 158 211
158 212 158 219
158 220 158 228
158 229 158 238
158 239 158 246
159 2 159 12
159 13 159 20
159 21 159 28
159 29 159 37
159 38 159 45
159 46 159 53
159 54 159 64
159 65 159 73
159 74 159 81
159 83 159 93
159 94 159 101
159 102 159 111
159 119 159 129
159 130 159 138
159 149 159 159
159 160 159 167
159 168 159 178
159 179 159 189
159 191 159 201
159 202 159 211
159 212 159 219
159 222 159 232
159 233 159 242
160 0 160 10
160 17 160 27
160 28 160 36
160 37 160 47
160 48 160 57
160 59 160 69
160 70 160 80
160 81 160 88
160 89 160 96
160 97 160 106
160 107 160 114
160 115 160 122
160 123 160 132
160 133 160 140
160 141 160 150
160 157 160 167
160 168 160 176
160 182 160 192
160 193 160 203
160 204 160 211
160 212 160 220
160 221 160 229
160 232 160 242
161 0 161 9
161 10 161 17
161 18 161 28
161 29 161 36
161 37 161 44
161 45 161 53
161 58 161 68
161 69 161 78
161 81 161 91
161 92 161 101
161 102 161 110
161 111 161 121
161 122 161 129
161 130 161 139
161 140 161 147
161 148 161 155
161 158 161 168
161 169 161 176
161 177 161 184
161 185 161 192
161 193 161 200
161 202 161 212
161 220 161 230
161 231 161 238
161 239 161 247
162 0 162 7
162 8 162 15
162 16 162 23
162 24 162 31
162 32 162 39
162 40 162 50
162 51 162 60
162 61 162 70
162 72 162 82
162 83 162 90
162 91 162 100
162 101 162 110
162 111 162 120
162 122 162 132
162 133 162 143
162 144 162 151
162 152 162 160
162 166 162 176
162 177 162 184
162 189 162 199
162 200 162 208
162 209 162 218
162 219 162 227
162 231 162 241
162 242 162 249
163 0 163 7
163 8 163 15
163 16 163 25
163 26 163 36
163 37 163 46
163 54 163 64
163 65 163 74
163 83 163 93
163 94 163 101
163 102 163 109
163 110 163 120
163 121 163 128
163 129 163 137
163 138 163 148
163 149 163 157
163 158 163 165
163 170 163 180
163 181 163 189
163 190 163 197
163 198 163 205
163 206 163 213
163 214 163 221
163 222 163 229
163 230 163 239
163 240 163 248
164 3 164 13
164 14 164 24
164 25 164 34
164 35 164 42
164 43 164 51
164 52 164 59
164 65 164 75
164 76 164 84
164 85 164 95
164 96 164 103
164 104 164 111
164 112 164 119
164 120 164 129
164 132 164 142
164 143 164 151
164 152 164 159
164 160 164 167
164 168 164 177
164 178 164 185
164 186 164 195
164 196 164 205
164 206 164 213
164 214 164 221
164 222 164 231
164 232 164 239
164 240 164 248
165 1 165 11
165 12 165 19
165 20 165 29
165 31 165 41
165 46 165 56
165 57 165 65
165 66 165 74
165 96 165 106
165 107 165 114
165 115 165 124
165 125 165 135
165 136 165 145
165 146 165 153
165 158 165 168
165 169 165 177
165 182 165 192
165 193 165 202
165 203 165 211
165 212 165 219
165 222 165 232
165 233 165 242
166 0 166 8
166 9 166 16
166 17 166 24
166 25 166 33
166 41 166 51
166 52 166 61
166 62 166 71
166 83 166 93
166 94 166 102
166 103 166 110
166 123 166 133
166 134 166 144
166 146 166 156
166 157 166 164
166 165 166 172
166 173 166 183
166 184 166 193
166 194 166 203
166 204 166 212
166 213 166 220
166 221 166 229
166 238 166 248
167 4 167 14
167 15 167 23
167 24 167 31
167 32 167 40
167 41 167 51
167 52 167 60
167 61 167 70
167 71 167 79
167 81 167 91
167 92 167 101
167 102 167 111
167 112 167 122
167 123 167 131
167 132 167 142
167 143 167 151
167 152 167 159
167 160 167 167
167 168 167 175
167 176 167 184
167 185 167 193
167 194 167 203
167 204 167 214
167 215 167 222
167 223 167 232
167 233 167 242
168 0 168 9
168 10 168 19
168 25 168 35
168 36 168 44
168 51 168 61
168 63 168 73
168 74 168 81
168 82 168 92
168 93 168 103
168 107 168 117
168 122 168 132
168 134 168 144
168 147 168 157
168 158 168 168
168 169 168 178
168 180 168 190
168 191 168 201
168 202 168 210
168 211 168 219
168 221 168 231
168 232 168 239
168 240 168 249
169 0 169 7
169 11 169 21
169 22 169 29
169 30 169 39
169 40 169 47
169 50 169 60
169 61 169 70
169 71 169 78
169 90 169 100
169 101 169 108
169 113 169 123
169 124 169 131
169 132 169 140
169 141 169 151
169 152 169 160
169 161 169 171
169 172 169 179
169 180 169 188
169 189 169 199
169 200 169 208
169 209 169 218
169 219 169 226
169 227 169 234
169 236 169 246
170 0 170 10
170 11 170 20
170 21 170 28
170 29 170 36
170 39 170 49
170 50 170 59
170 60 170 67
170 68 170 75
170 76 170 84
170 85 170 92
170 94 170 104
170 105 170 112
170 113 170 122
170 123 170 130
170 133 170 143
170 144 170 153
170 154 170 163
170 164 170 171
170 172 170 179
170 180 170 190
170 200 170 210
170 223 170 233
170 234 170 242
171 0 171 7
171 8 171 17
171 18 171 25
171 26 171 34
171 35 171 42
171 43 171 50
171 51 171 59
171 61 171 71
171 72 171 79
171 80 171 88
171 89 171 96
171 97 171 105
171 106 171 115
171 116 171 124
171 125 171 133
171 134 171 142
171 143 171 151
171 152 171 160
171 161 171 168
171 169 171 179
171 180 171 187
171 188 171 195
171 211 171 221
171 222 171 231
171 232 171 239
171 240 171 247
172 2 172 12
172 13 172 23
172 24 172 32
172 35 172 45
172 46 172 55
172 56 172 65
172 68 172 78
172 83 172 93
172 94 172 103
172 104 172 111
172 112 172 119
172 120 172 127
172 128 172 135
172 139 172 149
172 150 172 159
172 173 172 183
172 184 172 191
172 192 172 199
172 200 172 208
172 209 172 217
172 218 172 225
172 226 172 236
173 1 173 11
173 12 173 20
173 21 173 28
173 29 173 37
173 38 173 47
173 48 173 55
173 56 173 66
173 67 173 75
173 76 173 83
173 84 173 93
173 99 173 109
173 115 173 125
173 126 173 134
173 135 173 143
173 144 173 152
173 159 173 169
173 170 173 177
173 187 173 197
173 204 173 214
173 227 173 237
173 238 173 245
174 0 174 10
174 11 174 18
174 23 174 33
174 34 174 41
174 42 174 49
174 50 174 58
174 59 174 67
174 68 174 76
174 77 174 86
174 87 174 95
174 98 174 108
174 109 174 116
174 117 174 125
174 126 174 135
174 136 174 146
174 147 174 155
174 156 174 164
174 165 174 172
174 173 174 181
174 182 174 192
174 193 174 201
174 202 174 210
174 211 174 220
174 224 174 234
174 238 174 248
175 0 175 9
175 10 175 20
175 21 175 29
175 30 175 37
175 38 175 47
175 48 175 56
175 57 175 67
175 68 175 78
175 79 175 87
175 90 175 100
175 101 175 110
175 111 175 118
175 119 175 126
175 127 175 137
175 138 175 145
175 147 175 157
175 162 175 172
175 180 175 190
175 191 175 199
175 201 175 211
175 212 175 220
175 221 175 229
175 230 175 238
175 239 175 249
176 1 176 11
176 12 176 20
176 21 176 28
176 29 176 37
176 43 176 53
176 61 176 71
176 72 176 80
176 81 176 90
176 91 176 101
176 102 176 110
176 111 176 118
176 119 176 127
176 128 176 137
176 138 176 148
176 149 176 158
176 159 176 169
176 170 176 178
176 181 176 191
176 192 176 200
176 201 176 210
176 211 176 219
176 226 176 236
176 237 176 244
177 0 177 7
177 8 177 17
177 18 177 26
177 27 177 36
177 37 177 45
177 46 177 55
177 56 177 65
177 66 177 73
177 74 177 81
177 82 177 91
177 92 177 101
177 102 177 109
177 112 177 122
177 126 177 136
177 137 177 144
177 145 177 152
177 153 177 162
177 163 177 173
177 174 177 183
177 184 177 194
177 195 177 204
177 205 177 212
177 213 177 220
177 221 177 228
177 229 177 236
177 238 177 248
178 0 178 9
178 12 178 22
178 23 178 32
178 33 178 41
178 42 178 51
178 52 178 59
178 60 178 70
178 71 178 79
178 80 178 88
178 89 178 96
178 97 178 105
178 106 178 116
178 117 178 126
178 127 178 136
178 146 178 156
178 160 178 170
178 171 178 180
178 181 178 190
178 191 178 201
178 202 178 211
178 212 178 220
178 221 178 230
178 231 178 239
178 240 178 248
179 0 179 7
179 8 179 17
179 18 179 28
179 29 179 37
179 38 179 46
179 47 179 54
179 55 179 62
179 63 179 71
179 72 179 80
179 81 179 90
179 91 179 101
179 103 179 113
179 114 179 121
179 128 179 138
179 139 179 147
179 148 179 155
179 156 179 164
179 165 179 173
179 174 179 183
179 184 179 194
179 195 179 205
179 206 179 215
179 216 179 223
179 224 179 233
179 234 179 242
180 0 180 10
180 12 180 22
180 23 180 30
180 31 180 38
180 40 180 50
180 53 180 63
180 64 180 71
180 72 180 80
180 81 180 90
180 91 180 100
180 101 180 111
180 112 180 119
180 120 180 128
180 134 180 144
180 145 180 155
180 157 180 167
180 170 180 180
180 184 180 194
180 202 180 212
180 213 180 223
180 224 180 234
180 236 180 246
181 0 181 9
181 10 181 19
181 22 181 32
181 33 181 40
181 44 181 54
181 58 181 68
181 69 181 78
181 79 181 87
181 91 181 101
181 102 181 111
181 112 181 119
181 120 181 127
181 128 181 138
181 139 181 149
181 152 181 162
181 163 181 172
181 175 181 185
181 186 181 194
181 195 181 205
181 206 181 215
181 217 181 227
181 228 181 236
181 237 181 245
182 0 182 10
182 11 182 19
182 20 182 28
182 29 182 39
182 56 182 66
182 67 182 77
182 78 182 85
182 86 182 93
182 94 182 101
182 102 182 109
182 110 182 119
182 129 182 139
182 146 182 156
182 157 182 165
182 173 182 183
182 184 182 191
182 192 182 201
182 202 182 212
182 214 182 224
182 233 182 243
183 0 183 10
183 11 183 20
183 21 183 29
183 30 183 38
183 47 183 57
183 59 183 69
183 70 183 77
183 78 183 85
183 86 183 96
183 97 183 104
183 106 183 116
183 117 183 125
183 134 183 144
183 145 183 152
183 153 183 161
183 162 183 171
183 172 183 179
183 180 183 188
183 189 183 196
183 197 183 204
183 205 183 213
183 214 183 221
183 224 183 234
183 235 183 243
184 10 184 20
184 21 184 29
184 30 184 39
184 40 184 49
184 50 184 58
184 59 184 67
184 84 184 94
184 96 184 106
184 107 184 114
184 115 184 123
184 124 184 131
184 132 184 140
184 141 184 148
184 149 184 159
184 160 184 168
184 169 184 176
184 181 184 191
184 192 184 200
184 201 184 210
184 211 184 219
184 220 184 229
184 230 184 237
184 238 184 245
185 0 185 8
185 9 185 18
185 21 185 31
185 32 185 40
185 41 185 50
185 51 185 59
185 60 185 67
185 68 185 77
185 78 185 85
185 86 185 94
185 95 185 103
185 104 185 111
185 112 185 122
185 123 185 130
185 134 185 144
185 145 185 154
185 156 185 166
185 167 185 176
185 177 185 186
185 187 185 194
185 195 185 204
185 205 185 215
185 216 185 224
185 225 185 233
185 234 185 243
186 0 186 10
186 11 186 18
186 19 186 26
186 27 186 34
186 42 186 52
186 55 186 65
186 66 186 73
186 74 186 81
186 82 186 90
186 93 186 103
186 104 186 114
186 115 186 122
186 123 186 130
186 131 186 140
186 141 186 148
186 149 186 158
186 159 186 168
186 169 186 177
186 178 186 185
186 187 186 197
186 198 186 208
186 209 186 218
186 223 186 233
186 234 186 242
187 0 187 10
187 11 187 20
187 21 187 31
187 32 187 39
187 45 187 55
187 56 187 64
187 66 187 76
187 77 187 85
187 96 187 106
187 107 187 114
187 115 187 125
187 126 187 134
187 135 187 143
187 144 187 153
187 154 187 161
187 162 187 169
187 170 187 180
187 192 187 202
187 203 187 210
187 214 187 224
187 225 187 234
187 235 187 242
188 0 188 8
188 9 188 16
188 17 188 25
188 26 188 33
188 34 188 42
188 43 188 53
188 56 188 66
188 67 188 77
188 78 188 87
188 89 188 99
188 100 188 109
188 111 188 121
188 122 188 132
188 134 188 144
188 145 188 153
188 154 188 162
188 166 188 176
188 177 188 184
188 185 188 193
188 194 188 203
188 204 188 211
188 212 188 219
188 221 188 231
188 232 188 240
188 241 188 248
189 0 189 9
189 10 189 20
189 21 189 29
189 30 189 38
189 39 189 48
189 54 189 64
189 65 189 73
189 75 189 85
189 86 189 94
189 100 189 110
189 112 189 122
189 123 189 132
189 137 189 147
189 148 189 156
189 157 189 165
189 166 189 175
189 176 189 184
189 185 189 193
189 194 189 204
189 206 189 216
189 217 189 226
189 227 189 236
189 237 189 244
190 0 190 10
190 11 190 19
190 37 190 47
190 48 190 55
190 58 190 68
190 69 190 77
190 83 190 93
190 94 190 101
190 110 190 120
190 128 190 138
190 139 190 146
190 149 190 159
190 160 190 170
190 171 190 178
190 179 190 188
190 189 190 196
190 197 190 205
190 206 190 215
190 216 190 224
190 225 190 233
190 234 190 242
191 0 191 10
191 18 191 28
191 29 191 39
191 40 191 47
191 48 191 56
191 57 191 67
191 73 191 83
191 84 191 91
191 92 191 100
191 101 191 108
191 109 191 119
191 120 191 127
191 128 191 137
191 138 191 147
191 154 191 164
191 166 191 176
191 193 191 203
191 204 191 211
191 213 191 223
191 224 191 233
192 0 192 7
192 8 192 17
192 18 192 25
192 26 192 36
192 38 192 48
192 49 192 56
192 57 192 65
192 67 192 77
192 78 192 88
192 95 192 105
192 109 192 119
192 120 192 128
192 129 192 136
192 137 192 147
192 148 192 157
192 158 192 166
192 167 192 176
192 177 192 186
192 187 192 195
192 196 192 205
192 206 192 214
192 215 192 224
192 225 192 232
192 233 192 240
193 1 193 11
193 12 193 22
193 23 193 30
193 31 193 38
193 39 193 47
193 49 193 59
193 60 193 68
193 69 193 76
193 79 193 89
193 90 193 99
193 100 193 107
193 108 193 115
193 116 193 123
193 124 193 131
193 132 193 142
193 143 193 151
193 152 193 160
193 161 193 169
193 170 193 178
193 179 193 187
193 192 193 202
193 204 193 214
193 215 193 222
193 223 193 231
193 232 193 239
193 240 193 247
194 0 194 7
194 8 194 15
194 16 194 23
194 24 194 31
194 41 194 51
194 52 194 61
194 62 194 70
194 71 194 78
194 79 194 88
194 89 194 96
194 97 194 105
194 106 194 116
194 119 194 129
194 130 194 137
194 150 194 160
194 161 194 171
194 173 194 183
194 187 194 197
194 205 194 215
194 219 194 229
194 230 194 240
195 0 195 10
195 11 195 18
195 19 195 26
195 32 195 42
195 43 195 51
195 52 195 59
195 60 195 69
195 70 195 77
195 82 195 92
195 98 195 108
195 109 195 116
195 123 195 133
195 135 195 145
195 146 195 154
195 159 195 169
195 170 195 177
195 178 195 185
195 192 195 202
195 204 195 214
195 215 195 224
195 225 195 233
195 234 195 241
195 242 195 249
196 4 196 14
196 15 196 24
196 25 196 32
196 33 196 40
196 41 196 51
196 52 196 60
196 61 196 71
196 72 196 80
196 81 196 90
196 91 196 99
196 101 196 111
196 112 196 119
196 120 196 130
196 149 196 159
196 163 196 173
196 174 196 183
196 185 196 195
196 196 196 206
196 208 196 218
196 219 196 228
196 229 196 236
196 237 196 245
197 0 197 10
197 11 197 19
197 20 197 29
197 34 197 44
197 45 197 52
197 54 197 64
197 67 197 77
197 80 197 90
197 91 197 100
197 101 197 108
197 109 197 116
197 118 197 128
197 129 197 136
197 137 197 145
197 146 197 155
197 156 197 164
197 165 197 174
197 176 197 186
197 187 197 197
197 198 197 207
197 208 197 216
197 217 197 227
197 228 197 238
197 239 197 246
198 1 198 11
198 24 198 34
198 40 198 50
198 52 198 62
198 63 198 73
198 84 198 94
198 95 198 104
198 109 198 119
198 122 198 132
198 134 198 144
198 147 198 157
198 158 198 165
198 167 198 177
198 178 198 185
198 186 198 195
198 196 198 203
198 204 198 213
198 216 198 226
198 227 198 235
198 236 198 243
199 3 199 13
199 14 199 22
199 23 199 30
199 31 199 38
199 39 199 48
199 49 199 58
199 59 199 66
199 67 199 74
199 83 199 93
199 98 199 108
199 116 199 126
199 127 199 137
199 138 199 146
199 147 199 154
199 155 199 165
199 166 199 176
199 177 199 184
199 187 199 197
199 198 199 205
199 206 199 213
199 214 199 222
199 223 199 232
199 233 199 240
